6.685466766357421875e-01
6.685466766357421875e-01
6.685466766357421875e-01
6.685466766357421875e-01
6.685466766357421875e-01
6.685466170310974121e-01
6.685466766357421875e-01
6.685466766357421875e-01
6.685466170310974121e-01
6.685466766357421875e-01
6.685466766357421875e-01
6.685465574264526367e-01
6.685466766357421875e-01
6.685465574264526367e-01
6.685466766357421875e-01
6.685466766357421875e-01
6.685465574264526367e-01
6.685466766357421875e-01
6.685466766357421875e-01
6.685465574264526367e-01
6.685466766357421875e-01
6.685466766357421875e-01
6.685466170310974121e-01
6.685466766357421875e-01
6.685466766357421875e-01
6.685466170310974121e-01
6.685466766357421875e-01
6.685467362403869629e-01
6.685466170310974121e-01
6.685466766357421875e-01
6.685466170310974121e-01
6.685466766357421875e-01
6.685465574264526367e-01
6.685466766357421875e-01
6.685466170310974121e-01
6.685465574264526367e-01
6.685466170310974121e-01
6.685466170310974121e-01
6.685466766357421875e-01
6.685465574264526367e-01
6.685467362403869629e-01
6.685466766357421875e-01
6.685466170310974121e-01
6.685466766357421875e-01
6.685466170310974121e-01
6.685466766357421875e-01
6.685466766357421875e-01
6.685466766357421875e-01
6.685466766357421875e-01
6.685465574264526367e-01
6.685466766357421875e-01
6.685466766357421875e-01
6.685466766357421875e-01
6.685465574264526367e-01
6.685466766357421875e-01
6.685466170310974121e-01
6.685466170310974121e-01
6.685466170310974121e-01
6.685465574264526367e-01
6.685466766357421875e-01
6.685466766357421875e-01
6.685466170310974121e-01
6.685466766357421875e-01
6.685467362403869629e-01
6.685466766357421875e-01
6.685465574264526367e-01
6.685465574264526367e-01
6.685466766357421875e-01
6.685465574264526367e-01
6.685467362403869629e-01
6.685466170310974121e-01
6.685466170310974121e-01
6.685465574264526367e-01
6.685465574264526367e-01
6.685465574264526367e-01
6.685465574264526367e-01
6.685465574264526367e-01
6.685465574264526367e-01
6.685466170310974121e-01
6.685466170310974121e-01
6.685466170310974121e-01
6.685465574264526367e-01
6.685466170310974121e-01
6.685466170310974121e-01
6.685466170310974121e-01
6.685465574264526367e-01
6.685465574264526367e-01
6.685465574264526367e-01
6.685466766357421875e-01
6.685466170310974121e-01
6.685465574264526367e-01
6.685465574264526367e-01
6.685466766357421875e-01
6.685465574264526367e-01
6.685466766357421875e-01
6.685465574264526367e-01
6.685466766357421875e-01
6.685466766357421875e-01
6.685466766357421875e-01
6.685467362403869629e-01
6.685466766357421875e-01
6.685466170310974121e-01
6.685467362403869629e-01
6.685466766357421875e-01
6.685467362403869629e-01
6.685466766357421875e-01
6.685466170310974121e-01
6.685466766357421875e-01
6.685465574264526367e-01
6.685466766357421875e-01
6.685466766357421875e-01
6.685466766357421875e-01
6.685466766357421875e-01
6.685466766357421875e-01
6.685466766357421875e-01
6.685464978218078613e-01
6.685461401939392090e-01
6.685464978218078613e-01
6.685463190078735352e-01
6.685452461242675781e-01
6.685464382171630859e-01
6.685466766357421875e-01
6.685466766357421875e-01
6.685466170310974121e-01
6.685466766357421875e-01
6.685466766357421875e-01
6.685466766357421875e-01
6.685466766357421875e-01
6.685466766357421875e-01
6.685466766357421875e-01
6.685466766357421875e-01
6.685466766357421875e-01
6.685466766357421875e-01
6.685466766357421875e-01
6.685466766357421875e-01
6.685466766357421875e-01
6.685466766357421875e-01
6.685466766357421875e-01
6.685466766357421875e-01
6.685466766357421875e-01
6.685466766357421875e-01
6.685466766357421875e-01
6.685466766357421875e-01
6.685466766357421875e-01
6.685466766357421875e-01
6.685466766357421875e-01
6.685466766357421875e-01
6.685466766357421875e-01
6.685466766357421875e-01
6.685466766357421875e-01
6.685466766357421875e-01
6.685466766357421875e-01
6.685466766357421875e-01
6.685466766357421875e-01
6.685466766357421875e-01
6.685466766357421875e-01
6.685466766357421875e-01
6.685466766357421875e-01
6.685466766357421875e-01
6.685466766357421875e-01
6.685466766357421875e-01
6.685466766357421875e-01
6.685466766357421875e-01
6.685466766357421875e-01
6.685466766357421875e-01
6.685466766357421875e-01
6.685466766357421875e-01
6.685466766357421875e-01
6.685466766357421875e-01
6.685466766357421875e-01
6.685466766357421875e-01
6.685466766357421875e-01
6.685466766357421875e-01
6.685466766357421875e-01
6.685466766357421875e-01
6.685466766357421875e-01
6.685466766357421875e-01
6.685466766357421875e-01
6.685466766357421875e-01
6.685466766357421875e-01
6.685466766357421875e-01
6.685466766357421875e-01
6.685466766357421875e-01
6.685466766357421875e-01
6.685466766357421875e-01
6.685466766357421875e-01
6.685466766357421875e-01
6.685466766357421875e-01
6.685466766357421875e-01
6.685466766357421875e-01
6.685466766357421875e-01
6.685466766357421875e-01
6.685466766357421875e-01
6.685466766357421875e-01
6.685466766357421875e-01
6.685466766357421875e-01
6.685466766357421875e-01
6.685466766357421875e-01
6.685466766357421875e-01
6.685466766357421875e-01
6.685466766357421875e-01
6.685466766357421875e-01
6.685466766357421875e-01
6.685466766357421875e-01
6.685466766357421875e-01
6.685466766357421875e-01
6.685466766357421875e-01
6.685466766357421875e-01
6.685466766357421875e-01
6.685466766357421875e-01
6.685466766357421875e-01
6.685466766357421875e-01
6.685466766357421875e-01
6.685466766357421875e-01
6.685466766357421875e-01
6.685466766357421875e-01
6.685466766357421875e-01
6.685466766357421875e-01
6.685466766357421875e-01
6.685466766357421875e-01
6.685466766357421875e-01
6.685466766357421875e-01
6.685466766357421875e-01
6.685466766357421875e-01
6.685466766357421875e-01
6.685466766357421875e-01
6.685466766357421875e-01
6.685466766357421875e-01
6.685466766357421875e-01
6.685466766357421875e-01
6.685466766357421875e-01
6.685466766357421875e-01
6.685466766357421875e-01
6.685466766357421875e-01
6.685466766357421875e-01
6.685466766357421875e-01
6.685466766357421875e-01
6.685466766357421875e-01
6.685466766357421875e-01
6.685466766357421875e-01
6.685466766357421875e-01
6.685466766357421875e-01
6.685466766357421875e-01
6.685466766357421875e-01
6.685467362403869629e-01
6.685466766357421875e-01
6.685466766357421875e-01
6.685466766357421875e-01
6.685466766357421875e-01
6.685466766357421875e-01
6.685466766357421875e-01
6.685466766357421875e-01
6.685466766357421875e-01
6.685466766357421875e-01
6.685466766357421875e-01
6.685466766357421875e-01
6.685466766357421875e-01
6.685466766357421875e-01
6.685466766357421875e-01
6.685466766357421875e-01
6.685466766357421875e-01
6.685466766357421875e-01
6.685466766357421875e-01
6.685466766357421875e-01
6.685466766357421875e-01
6.685466766357421875e-01
6.685466766357421875e-01
6.685466766357421875e-01
6.685466766357421875e-01
6.685466766357421875e-01
6.685466766357421875e-01
6.685466766357421875e-01
6.685466766357421875e-01
6.685466766357421875e-01
6.685466766357421875e-01
6.685466766357421875e-01
6.685466766357421875e-01
6.685466766357421875e-01
6.685466766357421875e-01
6.685466766357421875e-01
6.685466766357421875e-01
6.685466766357421875e-01
6.685466766357421875e-01
6.685466766357421875e-01
6.685466766357421875e-01
6.685466766357421875e-01
6.685466766357421875e-01
6.685466766357421875e-01
6.685466766357421875e-01
6.685466766357421875e-01
6.685466766357421875e-01
6.685466766357421875e-01
6.685466766357421875e-01
6.685466766357421875e-01
6.685466766357421875e-01
6.685466766357421875e-01
6.685466766357421875e-01
6.685466766357421875e-01
6.685466766357421875e-01
6.685466766357421875e-01
6.685466766357421875e-01
6.685466766357421875e-01
6.685466766357421875e-01
6.685467362403869629e-01
6.685466766357421875e-01
6.685466170310974121e-01
6.685466766357421875e-01
6.685466766357421875e-01
6.685467362403869629e-01
6.685466170310974121e-01
6.685466766357421875e-01
6.685467362403869629e-01
6.685466766357421875e-01
6.685466766357421875e-01
6.685466766357421875e-01
6.685466766357421875e-01
6.685466766357421875e-01
6.685466766357421875e-01
6.685466766357421875e-01
6.685466766357421875e-01
6.685466766357421875e-01
6.685466766357421875e-01
6.685465574264526367e-01
6.685466766357421875e-01
6.685466766357421875e-01
6.685466766357421875e-01
6.685466766357421875e-01
6.685466766357421875e-01
6.685466766357421875e-01
6.685466766357421875e-01
6.685466766357421875e-01
6.685466766357421875e-01
6.685467362403869629e-01
6.685466766357421875e-01
6.685467362403869629e-01
6.685466766357421875e-01
6.685467362403869629e-01
6.685466766357421875e-01
6.685466766357421875e-01
6.685466766357421875e-01
6.685466766357421875e-01
6.685466766357421875e-01
6.685466766357421875e-01
6.685466766357421875e-01
6.685466766357421875e-01
6.685466766357421875e-01
6.685466766357421875e-01
6.685466766357421875e-01
6.685466766357421875e-01
6.685466766357421875e-01
6.685466766357421875e-01
6.685466766357421875e-01
6.685466766357421875e-01
6.685466766357421875e-01
6.685466766357421875e-01
6.685466766357421875e-01
6.685466766357421875e-01
6.685466766357421875e-01
6.685466766357421875e-01
6.685466766357421875e-01
6.685466766357421875e-01
6.685466766357421875e-01
6.685466766357421875e-01
6.685466766357421875e-01
6.685466766357421875e-01
6.685466766357421875e-01
6.685466766357421875e-01
6.685465574264526367e-01
6.685466766357421875e-01
6.685466766357421875e-01
6.685466766357421875e-01
6.685466766357421875e-01
6.685466766357421875e-01
6.685466766357421875e-01
6.685466766357421875e-01
6.685466766357421875e-01
6.685466766357421875e-01
6.685466766357421875e-01
6.685466766357421875e-01
6.685466766357421875e-01
6.685466766357421875e-01
6.685466170310974121e-01
6.685466766357421875e-01
6.685467362403869629e-01
6.685466766357421875e-01
6.685466766357421875e-01
6.685466766357421875e-01
6.685466766357421875e-01
6.685466766357421875e-01
6.685466766357421875e-01
6.685466766357421875e-01
6.685466766357421875e-01
6.685466766357421875e-01
6.685466766357421875e-01
6.685466766357421875e-01
6.685466766357421875e-01
6.685466766357421875e-01
6.685466766357421875e-01
6.685466766357421875e-01
6.685466766357421875e-01
6.685466766357421875e-01
6.685466766357421875e-01
6.685466766357421875e-01
6.685466766357421875e-01
6.685466766357421875e-01
6.685466766357421875e-01
6.685466766357421875e-01
6.685466766357421875e-01
6.685466766357421875e-01
6.685466766357421875e-01
6.685466766357421875e-01
6.685466766357421875e-01
6.685466766357421875e-01
6.685466766357421875e-01
6.685466766357421875e-01
6.685466766357421875e-01
6.685466766357421875e-01
6.685466766357421875e-01
6.685466766357421875e-01
6.685466766357421875e-01
6.685466766357421875e-01
6.685466766357421875e-01
6.685466766357421875e-01
6.685466766357421875e-01
6.685466766357421875e-01
6.685466766357421875e-01
6.685466766357421875e-01
6.685466766357421875e-01
6.685466766357421875e-01
6.685466766357421875e-01
6.685466766357421875e-01
6.685466766357421875e-01
6.685466766357421875e-01
6.685466766357421875e-01
6.685466766357421875e-01
6.685466766357421875e-01
6.685466766357421875e-01
6.685466766357421875e-01
6.685467362403869629e-01
6.685466766357421875e-01
6.685465574264526367e-01
6.685466766357421875e-01
6.685467362403869629e-01
6.685466766357421875e-01
6.685466766357421875e-01
6.685466766357421875e-01
6.685466766357421875e-01
6.685466766357421875e-01
6.685466766357421875e-01
6.685466766357421875e-01
6.685466766357421875e-01
6.685466766357421875e-01
6.685466766357421875e-01
6.685466766357421875e-01
6.685466766357421875e-01
6.685466766357421875e-01
6.685466766357421875e-01
6.685466766357421875e-01
6.685466766357421875e-01
6.685466766357421875e-01
6.685466766357421875e-01
6.685466766357421875e-01
6.685466766357421875e-01
6.685466766357421875e-01
6.685466766357421875e-01
6.685466766357421875e-01
6.685466766357421875e-01
6.685466766357421875e-01
6.685466766357421875e-01
6.685466766357421875e-01
6.685466766357421875e-01
6.685466766357421875e-01
6.685466766357421875e-01
6.685466766357421875e-01
6.685466766357421875e-01
6.685465574264526367e-01
6.685466766357421875e-01
6.685466766357421875e-01
6.685466766357421875e-01
6.685466170310974121e-01
6.685467362403869629e-01
6.685467362403869629e-01
6.685466766357421875e-01
6.685466766357421875e-01
6.685466766357421875e-01
6.685466766357421875e-01
6.685466766357421875e-01
6.685466766357421875e-01
6.685466766357421875e-01
6.685466766357421875e-01
6.685466766357421875e-01
6.685466766357421875e-01
6.685466766357421875e-01
6.685466766357421875e-01
6.685466766357421875e-01
6.685466766357421875e-01
6.685466766357421875e-01
6.685466766357421875e-01
6.685466766357421875e-01
6.685466766357421875e-01
6.685466766357421875e-01
6.685466766357421875e-01
6.685466766357421875e-01
6.685466766357421875e-01
6.685466766357421875e-01
6.685466766357421875e-01
6.685466766357421875e-01
6.685466766357421875e-01
6.685466766357421875e-01
6.685466766357421875e-01
6.685466766357421875e-01
6.685466766357421875e-01
6.685466766357421875e-01
6.685466766357421875e-01
6.685466766357421875e-01
6.685466766357421875e-01
6.685466766357421875e-01
6.685466766357421875e-01
6.685466766357421875e-01
6.685466766357421875e-01
6.685466766357421875e-01
6.685466766357421875e-01
6.685466766357421875e-01
6.685466766357421875e-01
6.685466766357421875e-01
6.685466766357421875e-01
6.685466766357421875e-01
6.685466766357421875e-01
6.685466766357421875e-01
6.685466766357421875e-01
6.685466766357421875e-01
6.685466766357421875e-01
6.685466766357421875e-01
6.685466766357421875e-01
6.685466766357421875e-01
6.685466766357421875e-01
6.685466766357421875e-01
6.685466766357421875e-01
6.685466766357421875e-01
6.685466766357421875e-01
6.685466766357421875e-01
6.685466766357421875e-01
6.685466766357421875e-01
6.685466766357421875e-01
6.685466766357421875e-01
6.685466766357421875e-01
6.685466766357421875e-01
6.685466766357421875e-01
6.685466766357421875e-01
6.685466766357421875e-01
6.685466766357421875e-01
6.685466766357421875e-01
6.685466766357421875e-01
6.685466766357421875e-01
6.685466766357421875e-01
6.685466766357421875e-01
6.685466766357421875e-01
6.685466766357421875e-01
6.685466766357421875e-01
6.685466766357421875e-01
6.685466766357421875e-01
6.685466766357421875e-01
6.685466766357421875e-01
6.685466766357421875e-01
6.685466766357421875e-01
6.685466766357421875e-01
6.685466766357421875e-01
6.685466766357421875e-01
6.685466766357421875e-01
6.685466766357421875e-01
6.685466766357421875e-01
6.685466766357421875e-01
6.685466766357421875e-01
6.685466766357421875e-01
6.685466766357421875e-01
6.685466766357421875e-01
6.685466766357421875e-01
6.685466766357421875e-01
6.685466766357421875e-01
6.685466766357421875e-01
6.685466766357421875e-01
6.685466766357421875e-01
6.685466766357421875e-01
6.685466766357421875e-01
6.685466766357421875e-01
6.685466766357421875e-01
6.685466766357421875e-01
6.685466766357421875e-01
6.685466766357421875e-01
6.685466766357421875e-01
6.685466766357421875e-01
6.685466766357421875e-01
6.685466766357421875e-01
6.685466766357421875e-01
6.685466766357421875e-01
6.685466766357421875e-01
6.685466766357421875e-01
6.685466766357421875e-01
6.685466766357421875e-01
6.685466766357421875e-01
6.685466766357421875e-01
6.685466766357421875e-01
6.685466766357421875e-01
6.685466766357421875e-01
6.685466766357421875e-01
6.685466766357421875e-01
6.685466766357421875e-01
6.685466766357421875e-01
6.685466766357421875e-01
6.685466766357421875e-01
6.685466766357421875e-01
6.685466766357421875e-01
6.685466766357421875e-01
6.685466766357421875e-01
6.685466766357421875e-01
6.685466766357421875e-01
6.685466766357421875e-01
6.685466766357421875e-01
6.685465574264526367e-01
6.685466170310974121e-01
6.685466766357421875e-01
6.685466766357421875e-01
6.685465574264526367e-01
6.685466766357421875e-01
6.685465574264526367e-01
6.685466766357421875e-01
6.685467362403869629e-01
6.685467362403869629e-01
6.685466170310974121e-01
6.685466766357421875e-01
6.685466766357421875e-01
6.685466766357421875e-01
6.685466766357421875e-01
6.685467362403869629e-01
6.685466766357421875e-01
6.685466766357421875e-01
6.685466766357421875e-01
6.685466766357421875e-01
6.685466766357421875e-01
6.685466766357421875e-01
6.685466766357421875e-01
6.685467362403869629e-01
6.685466766357421875e-01
6.685466766357421875e-01
6.685466766357421875e-01
6.685466766357421875e-01
6.685466766357421875e-01
6.685467362403869629e-01
6.685466766357421875e-01
6.685467362403869629e-01
6.685466766357421875e-01
6.685466766357421875e-01
6.685466766357421875e-01
6.685466766357421875e-01
6.685465574264526367e-01
6.685466766357421875e-01
6.685466766357421875e-01
6.685466766357421875e-01
6.685466766357421875e-01
6.685466766357421875e-01
6.685466766357421875e-01
6.685466766357421875e-01
6.685466766357421875e-01
6.685466766357421875e-01
6.685466766357421875e-01
6.685466766357421875e-01
6.685466766357421875e-01
6.685466766357421875e-01
6.685466766357421875e-01
6.685466766357421875e-01
6.685466766357421875e-01
6.685466766357421875e-01
6.685466766357421875e-01
6.685466766357421875e-01
6.685466766357421875e-01
6.685466766357421875e-01
6.685466766357421875e-01
6.685466766357421875e-01
6.685466766357421875e-01
6.685466766357421875e-01
6.685466766357421875e-01
6.685466766357421875e-01
6.685466766357421875e-01
6.685466766357421875e-01
6.685466766357421875e-01
6.685466766357421875e-01
6.685466766357421875e-01
6.685466766357421875e-01
6.685466766357421875e-01
6.685466766357421875e-01
6.685466766357421875e-01
6.685466766357421875e-01
6.685466766357421875e-01
6.685466766357421875e-01
6.685466766357421875e-01
6.685466766357421875e-01
6.685466766357421875e-01
6.685466766357421875e-01
6.685466766357421875e-01
6.685466766357421875e-01
6.685466766357421875e-01
6.685466766357421875e-01
6.685466766357421875e-01
6.685466766357421875e-01
6.685466766357421875e-01
6.685466766357421875e-01
6.685466766357421875e-01
6.685466766357421875e-01
6.685466766357421875e-01
6.685466766357421875e-01
6.685466766357421875e-01
6.685466766357421875e-01
6.685466766357421875e-01
6.685466766357421875e-01
6.685466766357421875e-01
6.685466766357421875e-01
6.685466766357421875e-01
6.685466766357421875e-01
6.685466766357421875e-01
6.685466766357421875e-01
6.685466766357421875e-01
6.685466766357421875e-01
6.685466766357421875e-01
6.685466766357421875e-01
6.685466766357421875e-01
6.685466766357421875e-01
6.685466766357421875e-01
6.685466766357421875e-01
6.685466766357421875e-01
6.685466766357421875e-01
6.685466766357421875e-01
6.685466766357421875e-01
6.685466766357421875e-01
6.685466766357421875e-01
6.685466766357421875e-01
6.685466766357421875e-01
6.685466766357421875e-01
6.685466766357421875e-01
6.685466766357421875e-01
6.685466766357421875e-01
6.685466766357421875e-01
6.685466766357421875e-01
6.685466766357421875e-01
6.685466766357421875e-01
6.685466766357421875e-01
6.685466766357421875e-01
6.685466766357421875e-01
6.685466766357421875e-01
6.685466766357421875e-01
6.685466766357421875e-01
6.685466766357421875e-01
6.685466766357421875e-01
6.685466766357421875e-01
6.685466766357421875e-01
6.685466766357421875e-01
6.685466766357421875e-01
6.685466766357421875e-01
6.685466766357421875e-01
6.685466766357421875e-01
6.685466766357421875e-01
6.685466766357421875e-01
6.685466766357421875e-01
6.685466766357421875e-01
6.685466766357421875e-01
6.685466766357421875e-01
6.685466766357421875e-01
6.685466766357421875e-01
6.685466766357421875e-01
6.685466766357421875e-01
6.685466766357421875e-01
6.685466766357421875e-01
6.685466766357421875e-01
6.685466766357421875e-01
6.685466766357421875e-01
6.685466766357421875e-01
6.685466766357421875e-01
6.685466766357421875e-01
6.685466766357421875e-01
6.685466766357421875e-01
6.685466766357421875e-01
6.685466766357421875e-01
6.685466766357421875e-01
6.685466766357421875e-01
6.685466766357421875e-01
6.685466766357421875e-01
6.685466766357421875e-01
6.685466766357421875e-01
6.685466766357421875e-01
6.685466766357421875e-01
6.685466766357421875e-01
6.685466766357421875e-01
6.685466766357421875e-01
6.685466766357421875e-01
6.685466170310974121e-01
6.685466766357421875e-01
6.685466766357421875e-01
6.685466766357421875e-01
6.685464382171630859e-01
6.685448884963989258e-01
6.685395836830139160e-01
6.685319542884826660e-01
6.685464978218078613e-01
6.685464382171630859e-01
6.685466766357421875e-01
6.685466170310974121e-01
6.685466766357421875e-01
6.685465574264526367e-01
6.685466170310974121e-01
6.685467362403869629e-01
6.685466170310974121e-01
6.685466766357421875e-01
6.685467362403869629e-01
6.685465574264526367e-01
6.685467362403869629e-01
6.685466170310974121e-01
6.685464382171630859e-01
6.685466766357421875e-01
6.685466766357421875e-01
6.685467362403869629e-01
6.685466766357421875e-01
6.685466766357421875e-01
6.685466766357421875e-01
6.685466766357421875e-01
6.685466766357421875e-01
6.685466766357421875e-01
6.685466766357421875e-01
6.685466766357421875e-01
6.685466766357421875e-01
6.685466766357421875e-01
6.685466766357421875e-01
6.685466766357421875e-01
6.685466766357421875e-01
6.685466766357421875e-01
6.685467362403869629e-01
6.685466766357421875e-01
6.685466766357421875e-01
6.685466766357421875e-01
6.685466766357421875e-01
6.685466766357421875e-01
6.685466766357421875e-01
6.685466766357421875e-01
6.685466766357421875e-01
6.685466766357421875e-01
6.685466766357421875e-01
6.685466766357421875e-01
6.685466766357421875e-01
6.685466766357421875e-01
6.685466766357421875e-01
6.685467362403869629e-01
6.685466766357421875e-01
6.685466766357421875e-01
6.685466766357421875e-01
6.685466766357421875e-01
6.685467362403869629e-01
6.685466766357421875e-01
6.685466766357421875e-01
6.685466766357421875e-01
6.685466766357421875e-01
6.685466766357421875e-01
6.685466766357421875e-01
6.685466766357421875e-01
6.685466766357421875e-01
6.685466766357421875e-01
6.685466766357421875e-01
6.685466766357421875e-01
6.685466766357421875e-01
6.685466766357421875e-01
6.685466766357421875e-01
6.685466766357421875e-01
6.685466766357421875e-01
6.685466766357421875e-01
6.685466766357421875e-01
6.685466766357421875e-01
6.685466766357421875e-01
6.685466766357421875e-01
6.685466766357421875e-01
6.685466766357421875e-01
6.685466766357421875e-01
6.685466766357421875e-01
6.685466766357421875e-01
6.685466766357421875e-01
6.685466766357421875e-01
6.685466766357421875e-01
6.685466766357421875e-01
6.685466766357421875e-01
6.685466766357421875e-01
6.685466766357421875e-01
6.685466170310974121e-01
6.685466766357421875e-01
6.685466766357421875e-01
6.685467362403869629e-01
6.685466766357421875e-01
6.685466766357421875e-01
6.685466766357421875e-01
6.685466766357421875e-01
6.685466766357421875e-01
6.685466766357421875e-01
6.685466766357421875e-01
6.685466766357421875e-01
6.685466766357421875e-01
6.685465574264526367e-01
6.685466766357421875e-01
6.685466766357421875e-01
6.685466766357421875e-01
6.685466766357421875e-01
6.685466766357421875e-01
6.685466766357421875e-01
6.685467362403869629e-01
6.685466766357421875e-01
6.685466766357421875e-01
6.685466766357421875e-01
6.685466766357421875e-01
6.685466766357421875e-01
6.685464382171630859e-01
6.685457229614257812e-01
6.685466766357421875e-01
6.685466766357421875e-01
6.685467362403869629e-01
6.685466766357421875e-01
6.685466766357421875e-01
6.685466766357421875e-01
6.685466766357421875e-01
6.685466766357421875e-01
6.685466766357421875e-01
6.685466766357421875e-01
6.685466766357421875e-01
6.685466766357421875e-01
6.685466766357421875e-01
6.685466766357421875e-01
6.685466766357421875e-01
6.685466766357421875e-01
6.685466766357421875e-01
6.685466766357421875e-01
6.685466766357421875e-01
6.685466766357421875e-01
6.685466766357421875e-01
6.685467362403869629e-01
6.685466766357421875e-01
6.685466766357421875e-01
6.685466766357421875e-01
6.685466766357421875e-01
6.685466766357421875e-01
6.685466766357421875e-01
6.685466766357421875e-01
6.685466766357421875e-01
6.685466766357421875e-01
6.685466766357421875e-01
6.685466766357421875e-01
6.685466766357421875e-01
6.685466766357421875e-01
6.685466766357421875e-01
6.685466766357421875e-01
6.685466766357421875e-01
6.685466766357421875e-01
6.685466766357421875e-01
6.685466766357421875e-01
6.685466766357421875e-01
6.685466766357421875e-01
6.685466766357421875e-01
6.685465574264526367e-01
6.685466170310974121e-01
6.685466766357421875e-01
6.685466766357421875e-01
6.685466766357421875e-01
6.685466766357421875e-01
6.685466766357421875e-01
6.685466766357421875e-01
6.685466766357421875e-01
6.685466766357421875e-01
6.685466766357421875e-01
6.685466766357421875e-01
6.685466766357421875e-01
6.685466170310974121e-01
6.685466766357421875e-01
6.685466766357421875e-01
6.685466766357421875e-01
6.685466766357421875e-01
6.685466766357421875e-01
6.685465574264526367e-01
6.685466766357421875e-01
6.685466170310974121e-01
6.685466766357421875e-01
6.685465574264526367e-01
6.685466766357421875e-01
6.685466170310974121e-01
6.685464382171630859e-01
6.685465574264526367e-01
6.685466766357421875e-01
6.685466766357421875e-01
6.685466766357421875e-01
6.685466766357421875e-01
6.685466766357421875e-01
6.685466766357421875e-01
6.685466766357421875e-01
6.685466766357421875e-01
6.685466766357421875e-01
6.685466766357421875e-01
6.685466766357421875e-01
6.685466766357421875e-01
6.685466766357421875e-01
6.685466766357421875e-01
6.685466766357421875e-01
6.685466766357421875e-01
6.685466766357421875e-01
6.685466766357421875e-01
6.685466766357421875e-01
6.685466766357421875e-01
6.685466766357421875e-01
6.685466766357421875e-01
6.685466766357421875e-01
6.685466766357421875e-01
6.685466766357421875e-01
6.685466766357421875e-01
6.685466766357421875e-01
6.685466766357421875e-01
6.685466766357421875e-01
6.685466766357421875e-01
6.685466766357421875e-01
6.685466766357421875e-01
6.685466766357421875e-01
6.685466766357421875e-01
6.685466766357421875e-01
6.685466766357421875e-01
6.685466766357421875e-01
6.685466766357421875e-01
6.685466766357421875e-01
6.685466766357421875e-01
6.685466766357421875e-01
6.685466766357421875e-01
6.685466766357421875e-01
6.685466766357421875e-01
6.685466766357421875e-01
6.685466766357421875e-01
6.685466766357421875e-01
6.685466766357421875e-01
6.685466766357421875e-01
6.685466766357421875e-01
6.685466766357421875e-01
6.685466766357421875e-01
6.685466766357421875e-01
6.685466766357421875e-01
6.685466766357421875e-01
6.685466766357421875e-01
6.685466766357421875e-01
6.685466766357421875e-01
6.685466766357421875e-01
6.685466766357421875e-01
6.685466766357421875e-01
6.685466766357421875e-01
6.685466766357421875e-01
6.685466766357421875e-01
6.685466766357421875e-01
6.685466766357421875e-01
6.685466766357421875e-01
6.685466766357421875e-01
6.685466766357421875e-01
6.685466766357421875e-01
6.685466766357421875e-01
6.685466766357421875e-01
6.685466766357421875e-01
6.685466766357421875e-01
6.685466766357421875e-01
6.685466766357421875e-01
6.685466766357421875e-01
6.685466766357421875e-01
6.685467362403869629e-01
6.685466766357421875e-01
6.685466766357421875e-01
6.685466766357421875e-01
6.685466766357421875e-01
6.685466766357421875e-01
6.685466766357421875e-01
6.685466766357421875e-01
6.685466766357421875e-01
6.685466766357421875e-01
6.685466766357421875e-01
6.685465574264526367e-01
6.685467362403869629e-01
6.685466766357421875e-01
6.685466766357421875e-01
6.685464978218078613e-01
6.685459613800048828e-01
6.685465574264526367e-01
6.685466766357421875e-01
6.685466766357421875e-01
6.685466766357421875e-01
6.685466766357421875e-01
6.685466766357421875e-01
6.685466766357421875e-01
6.685466766357421875e-01
6.685466766357421875e-01
6.685466766357421875e-01
6.685466766357421875e-01
6.685466766357421875e-01
6.685466766357421875e-01
6.685466766357421875e-01
6.685466766357421875e-01
6.685466766357421875e-01
6.685466766357421875e-01
6.685466766357421875e-01
6.685466766357421875e-01
6.685466766357421875e-01
6.685465574264526367e-01
6.685466766357421875e-01
6.685466766357421875e-01
6.685466766357421875e-01
6.685465574264526367e-01
6.685466766357421875e-01
6.685466766357421875e-01
6.685466766357421875e-01
6.685466766357421875e-01
6.685465574264526367e-01
6.685466766357421875e-01
6.685466766357421875e-01
6.685466766357421875e-01
6.685466766357421875e-01
6.685465574264526367e-01
6.685467362403869629e-01
6.685466766357421875e-01
6.685466766357421875e-01
6.685467362403869629e-01
6.685467362403869629e-01
6.685464382171630859e-01
6.685454845428466797e-01
6.685413122177124023e-01
6.685332059860229492e-01
6.685460209846496582e-01
6.685435175895690918e-01
6.685344576835632324e-01
6.685293912887573242e-01
6.685172319412231445e-01
6.685402393341064453e-01
6.685466766357421875e-01
6.685466766357421875e-01
6.685466766357421875e-01
6.685466170310974121e-01
6.685467362403869629e-01
6.685465574264526367e-01
6.685465574264526367e-01
6.685466766357421875e-01
6.685466766357421875e-01
6.685466766357421875e-01
6.685466170310974121e-01
6.685467362403869629e-01
6.685466766357421875e-01
6.685466766357421875e-01
6.685465574264526367e-01
6.685463190078735352e-01
6.685445904731750488e-01
6.685375571250915527e-01
6.685233116149902344e-01
6.685448884963989258e-01
6.685392856597900391e-01
6.685318946838378906e-01
6.685467362403869629e-01
6.685465574264526367e-01
6.685466766357421875e-01
6.685466766357421875e-01
6.685466766357421875e-01
6.685467362403869629e-01
6.685466766357421875e-01
6.685466766357421875e-01
6.685466766357421875e-01
6.685466766357421875e-01
6.685466766357421875e-01
6.685466766357421875e-01
6.685466766357421875e-01
6.685466766357421875e-01
6.685466766357421875e-01
6.685466766357421875e-01
6.685466766357421875e-01
6.685467362403869629e-01
6.685466766357421875e-01
6.685466766357421875e-01
6.685466170310974121e-01
6.685466766357421875e-01
6.685466766357421875e-01
6.685466766357421875e-01
6.685467362403869629e-01
6.685467362403869629e-01
6.685466766357421875e-01
6.685466766357421875e-01
6.685466766357421875e-01
6.685466766357421875e-01
6.685466766357421875e-01
6.685465574264526367e-01
6.685466766357421875e-01
6.685466766357421875e-01
6.685466766357421875e-01
6.685467362403869629e-01
6.685466766357421875e-01
6.685466766357421875e-01
6.685466766357421875e-01
6.685466766357421875e-01
6.685466766357421875e-01
6.685466766357421875e-01
6.685466766357421875e-01
6.685467362403869629e-01
6.685466766357421875e-01
6.685466766357421875e-01
6.685466766357421875e-01
6.685466766357421875e-01
6.685466766357421875e-01
6.685466766357421875e-01
6.685466766357421875e-01
6.685466766357421875e-01
6.685466766357421875e-01
6.685466766357421875e-01
6.685466766357421875e-01
6.685466766357421875e-01
6.685466766357421875e-01
6.685466766357421875e-01
6.685466766357421875e-01
6.685466766357421875e-01
6.685466766357421875e-01
6.685466766357421875e-01
6.685466766357421875e-01
6.685466766357421875e-01
6.685466766357421875e-01
6.685466766357421875e-01
6.685466766357421875e-01
6.685466766357421875e-01
6.685466170310974121e-01
6.685466766357421875e-01
6.685466766357421875e-01
6.685466170310974121e-01
6.685465574264526367e-01
6.685466766357421875e-01
6.685466766357421875e-01
6.685466170310974121e-01
6.685461997985839844e-01
6.685447096824645996e-01
6.685466766357421875e-01
6.685466766357421875e-01
6.685466170310974121e-01
6.685467362403869629e-01
6.685466766357421875e-01
6.685466766357421875e-01
6.685466766357421875e-01
6.685466766357421875e-01
6.685466766357421875e-01
6.685467362403869629e-01
6.685466766357421875e-01
6.685466170310974121e-01
6.685464382171630859e-01
6.685450077056884766e-01
6.685398221015930176e-01
6.685322523117065430e-01
6.685464978218078613e-01
6.685464978218078613e-01
6.685466766357421875e-01
6.685466766357421875e-01
6.685466766357421875e-01
6.685466766357421875e-01
6.685466170310974121e-01
6.685466170310974121e-01
6.685466170310974121e-01
6.685466766357421875e-01
6.685466766357421875e-01
6.685466766357421875e-01
6.685466766357421875e-01
6.685466766357421875e-01
6.685466766357421875e-01
6.685466766357421875e-01
6.685466766357421875e-01
6.685466766357421875e-01
6.685466766357421875e-01
6.685466766357421875e-01
6.685466766357421875e-01
6.685466766357421875e-01
6.685466766357421875e-01
6.685466766357421875e-01
6.685466766357421875e-01
6.685466766357421875e-01
6.685466766357421875e-01
6.685467362403869629e-01
6.685466766357421875e-01
6.685466766357421875e-01
6.685466766357421875e-01
6.685466766357421875e-01
6.685467362403869629e-01
6.685466766357421875e-01
6.685467362403869629e-01
6.685466766357421875e-01
6.685464978218078613e-01
6.685466170310974121e-01
6.685467362403869629e-01
6.685466766357421875e-01
6.685466766357421875e-01
6.685466766357421875e-01
6.685465574264526367e-01
6.685467362403869629e-01
6.685466766357421875e-01
6.685466766357421875e-01
6.685465574264526367e-01
6.685460805892944336e-01
6.685446500778198242e-01
6.685467362403869629e-01
6.685466766357421875e-01
6.685466766357421875e-01
6.685466766357421875e-01
6.685464978218078613e-01
6.685464382171630859e-01
6.685461997985839844e-01
6.685466766357421875e-01
6.685466766357421875e-01
6.685464978218078613e-01
6.685461401939392090e-01
6.685438156127929688e-01
6.685371994972229004e-01
6.685412526130676270e-01
6.685466766357421875e-01
6.685466766357421875e-01
6.685466766357421875e-01
6.685466766357421875e-01
6.685467362403869629e-01
6.685465574264526367e-01
6.685464382171630859e-01
6.685459613800048828e-01
6.685466766357421875e-01
6.685465574264526367e-01
6.685465574264526367e-01
6.685466766357421875e-01
6.685466766357421875e-01
6.685467362403869629e-01
6.685466766357421875e-01
6.685466766357421875e-01
6.685466766357421875e-01
6.685466170310974121e-01
6.685465574264526367e-01
6.685466766357421875e-01
6.685466766357421875e-01
6.685466766357421875e-01
6.685466766357421875e-01
6.685465574264526367e-01
6.685467362403869629e-01
6.685467362403869629e-01
6.685466766357421875e-01
6.685466766357421875e-01
6.685466766357421875e-01
6.685466766357421875e-01
6.685464978218078613e-01
6.685459017753601074e-01
6.685430407524108887e-01
6.685374975204467773e-01
6.685465574264526367e-01
6.685464978218078613e-01
6.685454845428466797e-01
6.685400009155273438e-01
6.685222983360290527e-01
6.684958934783935547e-01
6.684861779212951660e-01
6.685260534286499023e-01
6.685450673103332520e-01
6.685441732406616211e-01
6.685440540313720703e-01
6.685460805892944336e-01
6.685436964035034180e-01
6.685387492179870605e-01
6.685465574264526367e-01
6.685464382171630859e-01
6.685467362403869629e-01
6.685466766357421875e-01
6.685467362403869629e-01
6.685466170310974121e-01
6.685466766357421875e-01
6.685466766357421875e-01
6.685466766357421875e-01
6.685467362403869629e-01
6.685464978218078613e-01
6.685464978218078613e-01
6.685461997985839844e-01
6.685466766357421875e-01
6.685466766357421875e-01
6.685466766357421875e-01
6.685466766357421875e-01
6.685466170310974121e-01
6.685466766357421875e-01
6.685466766357421875e-01
6.685466766357421875e-01
6.685466766357421875e-01
6.685466766357421875e-01
6.685465574264526367e-01
6.685467362403869629e-01
6.685466766357421875e-01
6.685466170310974121e-01
6.685467362403869629e-01
6.685465574264526367e-01
6.685466766357421875e-01
6.685464382171630859e-01
6.685457229614257812e-01
6.685466766357421875e-01
6.685466766357421875e-01
6.685465574264526367e-01
6.685466170310974121e-01
6.685459613800048828e-01
6.685432195663452148e-01
6.685360670089721680e-01
6.685330867767333984e-01
6.685466766357421875e-01
6.685466766357421875e-01
6.685465574264526367e-01
6.685466766357421875e-01
6.685466766357421875e-01
6.685466766357421875e-01
6.685465574264526367e-01
6.685466766357421875e-01
6.685466766357421875e-01
6.685463190078735352e-01
6.685444116592407227e-01
6.685340404510498047e-01
6.684831976890563965e-01
6.683608293533325195e-01
6.682169437408447266e-01
6.681149601936340332e-01
6.683136224746704102e-01
6.682549118995666504e-01
6.682952642440795898e-01
6.682739853858947754e-01
6.683240532875061035e-01
6.684042811393737793e-01
6.684740781784057617e-01
6.684748530387878418e-01
6.685099005699157715e-01
6.685391068458557129e-01
6.685405373573303223e-01
6.685474514961242676e-01
6.685498952865600586e-01
6.685694456100463867e-01
6.688095927238464355e-01
6.731250286102294922e-01
6.827859282493591309e-01
6.970847845077514648e-01
6.907240152359008789e-01
6.824508309364318848e-01
6.755604147911071777e-01
6.694769859313964844e-01
6.648434996604919434e-01
6.621533632278442383e-01
6.633411049842834473e-01
6.611895561218261719e-01
6.600120067596435547e-01
6.605861186981201172e-01
6.596761941909790039e-01
6.591612696647644043e-01
6.587960720062255859e-01
6.590470075607299805e-01
6.588585376739501953e-01
6.590598821640014648e-01
6.592286825180053711e-01
6.589442491531372070e-01
6.587702035903930664e-01
6.587090492248535156e-01
6.587018370628356934e-01
6.587525606155395508e-01
6.587747931480407715e-01
6.587032675743103027e-01
6.587404608726501465e-01
6.586884856224060059e-01
6.586897969245910645e-01
6.586679816246032715e-01
6.586331129074096680e-01
6.567844748497009277e-01
6.408690214157104492e-01
6.409292221069335938e-01
6.345126628875732422e-01
6.306069493293762207e-01
6.335119009017944336e-01
6.335164308547973633e-01
6.336426138877868652e-01
6.385849714279174805e-01
6.442711353302001953e-01
6.496443748474121094e-01
6.543846726417541504e-01
6.584148406982421875e-01
6.620010733604431152e-01
6.610489487648010254e-01
6.606948971748352051e-01
6.631566286087036133e-01
6.645433306694030762e-01
6.657678484916687012e-01
6.656464338302612305e-01
6.668965220451354980e-01
6.678327918052673340e-01
6.683607101440429688e-01
6.684419512748718262e-01
6.685224771499633789e-01
6.685454249382019043e-01
6.685428023338317871e-01
6.685239076614379883e-01
6.684492826461791992e-01
6.683176755905151367e-01
6.682071685791015625e-01
6.681744456291198730e-01
6.683492064476013184e-01
6.683511734008789062e-01
6.683221459388732910e-01
6.684157252311706543e-01
6.684902906417846680e-01
6.685317158699035645e-01
6.685115694999694824e-01
6.685417294502258301e-01
6.685392260551452637e-01
6.685314178466796875e-01
6.685466766357421875e-01
6.685464978218078613e-01
6.685459017753601074e-01
6.685465574264526367e-01
6.685461997985839844e-01
6.685466766357421875e-01
6.685466170310974121e-01
6.685463190078735352e-01
6.685446500778198242e-01
6.685381531715393066e-01
6.685257554054260254e-01
6.685457229614257812e-01
6.685422062873840332e-01
6.685365438461303711e-01
6.685291528701782227e-01
6.685026884078979492e-01
6.685375571250915527e-01
6.685222983360290527e-01
6.685076951980590820e-01
6.685346364974975586e-01
6.685466170310974121e-01
6.685463786125183105e-01
6.685451865196228027e-01
6.685466170310974121e-01
6.685466766357421875e-01
6.685466766357421875e-01
6.685466766357421875e-01
6.685466766357421875e-01
6.685465574264526367e-01
6.685466170310974121e-01
6.685458421707153320e-01
6.685420274734497070e-01
6.685338020324707031e-01
6.685425043106079102e-01
6.685467362403869629e-01
6.685466766357421875e-01
6.685466170310974121e-01
6.685464382171630859e-01
6.685456633567810059e-01
6.685435175895690918e-01
6.685465574264526367e-01
6.685460805892944336e-01
6.685436367988586426e-01
6.685331463813781738e-01
6.685147285461425781e-01
6.685042381286621094e-01
6.685304641723632812e-01
6.685457229614257812e-01
6.685464382171630859e-01
6.685467362403869629e-01
6.685466170310974121e-01
6.685466766357421875e-01
6.685466766357421875e-01
6.685467362403869629e-01
6.685466170310974121e-01
6.685463190078735352e-01
6.685448288917541504e-01
6.685389280319213867e-01
6.685282588005065918e-01
6.685460805892944336e-01
6.685435771942138672e-01
6.685313582420349121e-01
6.685072183609008789e-01
6.685343384742736816e-01
6.685415506362915039e-01
6.685423851013183594e-01
6.685314774513244629e-01
6.685209274291992188e-01
6.685423851013183594e-01
6.685465574264526367e-01
6.685464382171630859e-01
6.685453653335571289e-01
6.685386896133422852e-01
6.685139536857604980e-01
6.684666872024536133e-01
6.684108376502990723e-01
6.683648824691772461e-01
6.684536933898925781e-01
6.684262752532958984e-01
6.684100031852722168e-01
6.684647798538208008e-01
6.685038805007934570e-01
6.685311794281005859e-01
6.685466170310974121e-01
6.685463786125183105e-01
6.685467362403869629e-01
6.685466766357421875e-01
6.685466766357421875e-01
6.685466766357421875e-01
6.685466766357421875e-01
6.685466766357421875e-01
6.685466766357421875e-01
6.685466170310974121e-01
6.685462594032287598e-01
6.685426831245422363e-01
6.685183644294738770e-01
6.683537364006042480e-01
6.674940586090087891e-01
6.652070283889770508e-01
6.620525121688842773e-01
6.591691970825195312e-01
6.569041013717651367e-01
6.551927328109741211e-01
6.539103984832763672e-01
6.529183983802795410e-01
6.520202755928039551e-01
6.508692502975463867e-01
6.478208303451538086e-01
6.426771283149719238e-01
6.388950347900390625e-01
6.482797861099243164e-01
6.568477153778076172e-01
6.559291481971740723e-01
6.611916422843933105e-01
6.635784506797790527e-01
6.650479435920715332e-01
6.648008227348327637e-01
6.640824675559997559e-01
6.623136997222900391e-01
6.647012233734130859e-01
6.627004146575927734e-01
6.615810990333557129e-01
6.565693616867065430e-01
6.623101234436035156e-01
6.660137772560119629e-01
6.673575639724731445e-01
6.678491830825805664e-01
6.680854558944702148e-01
6.682365536689758301e-01
6.683410406112670898e-01
6.684155464172363281e-01
6.684687733650207520e-01
6.685059666633605957e-01
6.685314774513244629e-01
6.685466170310974121e-01
6.685465574264526367e-01
6.685467362403869629e-01
6.685466766357421875e-01
6.685468554496765137e-01
6.685555577278137207e-01
6.687117815017700195e-01
6.745302677154541016e-01
6.968252062797546387e-01
7.028397917747497559e-01
7.003768682479858398e-01
6.991020441055297852e-01
6.962234973907470703e-01
6.892001032829284668e-01
6.818567514419555664e-01
6.823215484619140625e-01
6.819633841514587402e-01
6.767929792404174805e-01
6.716728806495666504e-01
6.671150922775268555e-01
6.636236906051635742e-01
6.645581722259521484e-01
6.621450781822204590e-01
6.611741185188293457e-01
6.617447733879089355e-01
6.604239344596862793e-01
6.609127521514892578e-01
6.614515781402587891e-01
6.618086099624633789e-01
6.616067290306091309e-01
6.606591343879699707e-01
6.599127054214477539e-01
6.593833565711975098e-01
6.591011881828308105e-01
6.589510440826416016e-01
6.588518619537353516e-01
6.587765812873840332e-01
6.587169170379638672e-01
6.587216854095458984e-01
6.586903333663940430e-01
6.586679816246032715e-01
6.586677432060241699e-01
6.586581468582153320e-01
6.581583619117736816e-01
6.468416452407836914e-01
6.341796517372131348e-01
6.302635073661804199e-01
6.319001913070678711e-01
6.365514993667602539e-01
6.366779804229736328e-01
6.369182467460632324e-01
6.425722241401672363e-01
6.480131149291992188e-01
6.527605652809143066e-01
6.566779613494873047e-01
6.598460674285888672e-01
6.614581942558288574e-01
6.635045409202575684e-01
6.649481058120727539e-01
6.647982001304626465e-01
6.647013425827026367e-01
6.658294200897216797e-01
6.666647195816040039e-01
6.672679185867309570e-01
6.672369837760925293e-01
6.671903133392333984e-01
6.671577692031860352e-01
6.675767898559570312e-01
6.675614714622497559e-01
6.678562164306640625e-01
6.680682301521301270e-01
6.682205200195312500e-01
6.683302521705627441e-01
6.684142947196960449e-01
6.684784293174743652e-01
6.684648990631103516e-01
6.685042977333068848e-01
6.685312390327453613e-01
6.685466170310974121e-01
6.685466766357421875e-01
6.685463786125183105e-01
6.685467362403869629e-01
6.685466766357421875e-01
6.685466766357421875e-01
6.685466766357421875e-01
6.685466766357421875e-01
6.685466766357421875e-01
6.685466766357421875e-01
6.685466766357421875e-01
6.685466766357421875e-01
6.685466766357421875e-01
6.685466766357421875e-01
6.685466766357421875e-01
6.685466766357421875e-01
6.685466766357421875e-01
6.685466766357421875e-01
6.685466766357421875e-01
6.685466766357421875e-01
6.685466766357421875e-01
6.685466766357421875e-01
6.685466766357421875e-01
6.685466766357421875e-01
6.685466766357421875e-01
6.685466766357421875e-01
6.685466766357421875e-01
6.681146025657653809e-01
