9.377117156982421875e-01
9.379591941833496094e-01
9.225754737854003906e-01
9.227743148803710938e-01
9.219700098037719727e-01
9.219359159469604492e-01
9.217554330825805664e-01
9.217163324356079102e-01
9.216587543487548828e-01
9.377114772796630859e-01
9.379525184631347656e-01
9.389879703521728516e-01
9.227075576782226562e-01
9.230511188507080078e-01
9.382667541503906250e-01
9.384038448333740234e-01
9.227916002273559570e-01
9.229712486267089844e-01
9.220905303955078125e-01
9.220316410064697266e-01
9.379415512084960938e-01
9.218100309371948242e-01
9.227010011672973633e-01
9.218021631240844727e-01
9.380154609680175781e-01
9.217487573623657227e-01
9.226992130279541016e-01
9.217803478240966797e-01
9.218866825103759766e-01
9.216949939727783203e-01
9.216887950897216797e-01
9.216345548629760742e-01
9.216189384460449219e-01
9.215983152389526367e-01
9.215874671936035156e-01
9.215779304504394531e-01
9.215713739395141602e-01
9.376326799392700195e-01
9.216319322586059570e-01
9.225475788116455078e-01
9.378312826156616211e-01
9.218550920486450195e-01
9.226551055908203125e-01
9.217901229858398438e-01
9.218705892562866211e-01
9.216896295547485352e-01
9.216796159744262695e-01
9.216283559799194336e-01
9.216128587722778320e-01
9.215935468673706055e-01
9.215830564498901367e-01
9.215741157531738281e-01
9.215682744979858398e-01
9.215635061264038086e-01
9.376270771026611328e-01
9.379001855850219727e-01
9.225360155105590820e-01
9.227414131164550781e-01
9.219466447830200195e-01
9.219174385070800781e-01
9.217414855957031250e-01
9.217053651809692383e-01
9.216502904891967773e-01
9.216264486312866211e-01
9.216039180755615234e-01
9.215905666351318359e-01
9.215797185897827148e-01
9.215722084045410156e-01
9.215664863586425781e-01
9.215625524520874023e-01
9.215592145919799805e-01
9.215568304061889648e-01
9.215549230575561523e-01
9.215534925460815430e-01
9.215524196624755859e-01
9.215515851974487305e-01
9.215508699417114258e-01
9.376169443130493164e-01
9.216203689575195312e-01
9.225376844406127930e-01
9.216923713684082031e-01
9.218082427978515625e-01
9.216415882110595703e-01
9.216455221176147461e-01
9.216024875640869141e-01
9.215934276580810547e-01
9.376500844955444336e-01
9.216395616531372070e-01
9.387637376785278320e-01
9.217170476913452148e-01
9.228428602218627930e-01
9.217851161956787109e-01
9.219197034835815430e-01
9.216998815536499023e-01
9.216965436935424805e-01
9.216361045837402344e-01
9.216201305389404297e-01
9.215979576110839844e-01
9.215868711471557617e-01
9.376459121704101562e-01
9.216386079788208008e-01
9.225540161132812500e-01
9.217041730880737305e-01
9.218180179595947266e-01
9.216489791870117188e-01
9.216516017913818359e-01
9.216071367263793945e-01
9.215972423553466797e-01
9.215817451477050781e-01
9.215743541717529297e-01
9.215675592422485352e-01
9.743688106536865234e-01
9.190217256546020508e-01
9.309408664703369141e-01
9.194048643112182617e-01
9.234449863433837891e-01
9.212990999221801758e-01
9.219912290573120117e-01
9.215778112411499023e-01
9.229630231857299805e-01
9.211773872375488281e-01
9.605867862701416016e-01
9.118554592132568359e-01
9.268319606781005859e-01
9.200241565704345703e-01
9.225568771362304688e-01
9.373862743377685547e-01
9.218299388885498047e-01
9.225180149078369141e-01
9.217451810836791992e-01
9.218158721923828125e-01
9.216594696044921875e-01
9.216536283493041992e-01
9.216111898422241211e-01
9.744135141372680664e-01
9.035925865173339844e-01
9.306682348251342773e-01
9.185069799423217773e-01
9.762090444564819336e-01
9.042569398880004883e-01
9.306970834732055664e-01
9.200739860534667969e-01
9.229375123977661133e-01
9.213647842407226562e-01
9.218716621398925781e-01
9.743642807006835938e-01
9.036576747894287109e-01
9.306659698486328125e-01
9.185262918472290039e-01
9.232754707336425781e-01
9.210699796676635742e-01
9.219027757644653320e-01
9.214947223663330078e-01
9.216362237930297852e-01
9.215579032897949219e-01
9.215795993804931641e-01
9.215629100799560547e-01
9.215648174285888672e-01
9.215601682662963867e-01
9.215593338012695312e-01
9.215574264526367188e-01
9.215562343597412109e-01
9.215550422668457031e-01
9.215543270111083984e-01
9.215534925460815430e-01
9.215528964996337891e-01
9.215521812438964844e-01
9.215517044067382812e-01
9.215512275695800781e-01
9.215508699417114258e-01
9.215506315231323242e-01
9.215500354766845703e-01
9.215497970581054688e-01
9.215496778488159180e-01
9.215494394302368164e-01
9.215492010116577148e-01
9.215490818023681641e-01
9.215489625930786133e-01
9.215488433837890625e-01
9.215487241744995117e-01
9.215486049652099609e-01
9.215486049652099609e-01
9.215483665466308594e-01
9.215483665466308594e-01
9.215481281280517578e-01
9.215481281280517578e-01
9.215481281280517578e-01
9.215480089187622070e-01
9.215480089187622070e-01
9.215478897094726562e-01
9.215478897094726562e-01
9.215478897094726562e-01
9.215478897094726562e-01
9.215478897094726562e-01
9.215478897094726562e-01
9.215478897094726562e-01
9.215478897094726562e-01
9.215478897094726562e-01
9.215478897094726562e-01
9.215478897094726562e-01
9.215478897094726562e-01
9.215478897094726562e-01
9.215478897094726562e-01
9.215478897094726562e-01
9.215478897094726562e-01
9.215478897094726562e-01
9.215478897094726562e-01
9.215478897094726562e-01
9.376150369644165039e-01
9.216183423995971680e-01
9.387431144714355469e-01
9.217051267623901367e-01
9.228316545486450195e-01
9.217771291732788086e-01
9.219131469726562500e-01
9.216949939727783203e-01
9.216924905776977539e-01
9.216328859329223633e-01
9.216176271438598633e-01
9.215959310531616211e-01
9.215850830078125000e-01
9.215754270553588867e-01
9.215691089630126953e-01
9.215641021728515625e-01
9.215606451034545898e-01
9.215576648712158203e-01
9.215556383132934570e-01
9.215539693832397461e-01
9.215527772903442383e-01
9.215518236160278320e-01
9.215511083602905273e-01
9.215505123138427734e-01
9.215499162673950195e-01
9.215495586395263672e-01
9.215493202209472656e-01
9.215490818023681641e-01
9.215488433837890625e-01
9.215486049652099609e-01
9.215486049652099609e-01
9.376155138015747070e-01
9.216187000274658203e-01
9.225363731384277344e-01
9.216914176940917969e-01
9.218072891235351562e-01
9.216408729553222656e-01
9.216450452804565430e-01
9.216020107269287109e-01
9.215929508209228516e-01
9.215782880783081055e-01
9.215716123580932617e-01
9.215651750564575195e-01
9.215611219406127930e-01
9.215580224990844727e-01
9.215556383132934570e-01
9.215539693832397461e-01
9.215525388717651367e-01
9.215515851974487305e-01
9.215508699417114258e-01
9.215501546859741211e-01
9.215499162673950195e-01
9.215494394302368164e-01
9.215490818023681641e-01
9.215488433837890625e-01
9.215487241744995117e-01
9.215486049652099609e-01
9.215484857559204102e-01
9.215483665466308594e-01
9.215482473373413086e-01
9.215482473373413086e-01
9.215481281280517578e-01
9.215481281280517578e-01
9.215480089187622070e-01
9.215480089187622070e-01
9.215480089187622070e-01
9.215478897094726562e-01
9.215478897094726562e-01
9.215478897094726562e-01
9.215478897094726562e-01
9.215478897094726562e-01
9.215478897094726562e-01
9.743510484695434570e-01
9.035652875900268555e-01
9.306371212005615234e-01
9.184877872467041016e-01
9.232525825500488281e-01
9.210486412048339844e-01
9.218863248825073242e-01
9.214801788330078125e-01
9.216243028640747070e-01
9.215472936630249023e-01
9.215705394744873047e-01
9.215550422668457031e-01
9.215579032897949219e-01
9.215542078018188477e-01
9.215540885925292969e-01
9.215527772903442383e-01
9.215523004531860352e-01
9.215515851974487305e-01
9.215512275695800781e-01
9.215507507324218750e-01
9.216930866241455078e-01
9.215124845504760742e-01
9.215763807296752930e-01
9.215451478958129883e-01
9.215553998947143555e-01
9.215493202209472656e-01
9.259744882583618164e-01
9.581826925277709961e-01
9.027225971221923828e-01
9.226186275482177734e-01
9.315369129180908203e-01
9.911159276962280273e-01
9.193248748779296875e-01
9.628876447677612305e-01
9.377427101135253906e-01
9.220986366271972656e-01
9.761875867843627930e-01
9.027733802795410156e-01
9.395017623901367188e-01
9.127606153488159180e-01
9.657920598983764648e-01
9.205849170684814453e-01
9.194633960723876953e-01
9.175202846527099609e-01
9.174041748046875000e-01
9.194074869155883789e-01
9.632960557937622070e-01
9.130973815917968750e-01
9.819896221160888672e-01
9.035288095474243164e-01
9.876426458358764648e-01
9.020991325378417969e-01
9.328000545501708984e-01
9.202234745025634766e-01
9.256045818328857422e-01
9.211469888687133789e-01
9.383430480957031250e-01
9.216153621673583984e-01
9.227250814437866211e-01
9.217361211776733398e-01
9.218763113021850586e-01
9.216768741607666016e-01
9.216803312301635742e-01
9.216277599334716797e-01
9.216157197952270508e-01
9.215970039367675781e-01
9.215878248214721680e-01
9.215792417526245117e-01
9.215735197067260742e-01
9.215688705444335938e-01
9.215654134750366211e-01
9.215626716613769531e-01
9.215602874755859375e-01
9.215586185455322266e-01
9.634664058685302734e-01
9.113186597824096680e-01
9.805918931961059570e-01
9.018869400024414062e-01
9.317640066146850586e-01
9.706318378448486328e-01
9.565794467926025391e-01
9.125248193740844727e-01
9.809874296188354492e-01
9.022359848022460938e-01
9.319140911102294922e-01
9.183427095413208008e-01
9.505587816238403320e-01
9.107863903045654297e-01
9.273190498352050781e-01
9.198195934295654297e-01
9.227042198181152344e-01
9.213196039199829102e-01
9.218128919601440430e-01
9.376196861267089844e-01
9.216982126235961914e-01
9.225622415542602539e-01
9.217258691787719727e-01
9.218285083770751953e-01
9.216605424880981445e-01
9.744756221771240234e-01
9.036192893981933594e-01
9.306967258453369141e-01
9.185241460800170898e-01
9.232850074768066406e-01
9.210720062255859375e-01
9.219058752059936523e-01
9.214954376220703125e-01
9.216367006301879883e-01
9.215574264526367188e-01
9.215790033340454102e-01
9.215619564056396484e-01
9.215638637542724609e-01
9.215592145919799805e-01
9.215581417083740234e-01
9.215562343597412109e-01
9.215553998947143555e-01
9.215542078018188477e-01
9.215533733367919922e-01
9.215527772903442383e-01
9.215520620346069336e-01
9.215514659881591797e-01
9.215511083602905273e-01
9.743542671203613281e-01
9.035700559616088867e-01
9.841845035552978516e-01
9.004251956939697266e-01
9.324123859405517578e-01
9.703998565673828125e-01
9.057234525680541992e-01
9.300183057785034180e-01
9.189300537109375000e-01
9.231761693954467773e-01
9.211530685424804688e-01
9.218919277191162109e-01
9.215143918991088867e-01
9.216378927230834961e-01
9.215641021728515625e-01
9.215821027755737305e-01
9.215660095214843750e-01
9.215669631958007812e-01
9.215623140335083008e-01
9.215608835220336914e-01
9.461193084716796875e-01
9.125399589538574219e-01
9.277993440628051758e-01
9.372943639755249023e-01
9.785321950912475586e-01
9.057292938232421875e-01
9.317471981048583984e-01
9.115101099014282227e-01
9.203819036483764648e-01
9.621555805206298828e-01
9.110088348388671875e-01
9.269663095474243164e-01
9.723737239837646484e-01
9.045965671539306641e-01
9.302737712860107422e-01
9.186681509017944336e-01
9.711571931838989258e-01
9.204205274581909180e-01
9.237153530120849609e-01
9.218370914459228516e-01
9.221179485321044922e-01
9.217038154602050781e-01
9.217193126678466797e-01
9.216237068176269531e-01
9.352083206176757812e-01
9.317730665206909180e-01
9.210984706878662109e-01
9.052705764770507812e-01
9.678233861923217773e-01
9.588973522186279297e-01
9.098012447357177734e-01
9.275087118148803711e-01
9.191844463348388672e-01
9.751251935958862305e-01
9.708907604217529297e-01
1.029582023620605469e+00
9.644432067871093750e-01
9.420880079269409180e-01
9.384753704071044922e-01
9.915416240692138672e-01
9.699813127517700195e-01
9.540030956268310547e-01
9.240565299987792969e-01
9.244759082794189453e-01
9.221880435943603516e-01
9.220887422561645508e-01
9.740738868713378906e-01
9.016376733779907227e-01
9.845612049102783203e-01
1.053451776504516602e+00
9.711546897888183594e-01
1.074525356292724609e+00
1.184897780418395996e+00
1.043066620826721191e+00
1.135566830635070801e+00
9.779709577560424805e-01
9.337595701217651367e-01
9.302965402603149414e-01
9.097594022750854492e-01
9.251625537872314453e-01
9.137183427810668945e-01
9.167318344116210938e-01
9.813777208328247070e-01
9.074492454528808594e-01
9.898942708969116211e-01
9.485166072845458984e-01
9.829338788986206055e-01
9.116110801696777344e-01
9.808433055877685547e-01
9.368326663970947266e-01
9.807891845703125000e-01
9.120367765426635742e-01
9.478627443313598633e-01
1.091562867164611816e+00
1.007807612419128418e+00
9.436720609664916992e-01
9.974803924560546875e-01
9.137371778488159180e-01
9.817365407943725586e-01
9.227547645568847656e-01
9.341453313827514648e-01
9.268517494201660156e-01
9.216670989990234375e-01
9.349011182785034180e-01
9.330172538757324219e-01
9.346889257431030273e-01
9.343198537826538086e-01
9.346238374710083008e-01
9.800240993499755859e-01
9.179216623306274414e-01
9.429792165756225586e-01
9.319057464599609375e-01
9.362607002258300781e-01
9.342367649078369141e-01
9.199000597000122070e-01
9.206299781799316406e-01
9.189605712890625000e-01
9.189817905426025391e-01
9.341781139373779297e-01
9.187728166580200195e-01
9.193208217620849609e-01
9.191522598266601562e-01
9.217257499694824219e-01
9.215198755264282227e-01
9.217201471328735352e-01
9.216645956039428711e-01
9.216455221176147461e-01
9.216227531433105469e-01
9.216091632843017578e-01
9.215973615646362305e-01
9.376564025878906250e-01
9.379252195358276367e-01
9.225571155548095703e-01
9.227596521377563477e-01
9.381392002105712891e-01
9.219510555267333984e-01
9.227751493453979492e-01
9.380142688751220703e-01
9.219533205032348633e-01
9.227453470230102539e-01
9.218488931655883789e-01
9.219182729721069336e-01
9.217236042022705078e-01
9.217034578323364258e-01
9.216461181640625000e-01
9.216266870498657227e-01
9.216040372848510742e-01
9.215916395187377930e-01
9.215807914733886719e-01
9.215735197067260742e-01
9.215676784515380859e-01
9.215635061264038086e-01
9.376267194747924805e-01
9.216276407241821289e-01
9.225438833236694336e-01
9.216974973678588867e-01
9.218124151229858398e-01
9.216449260711669922e-01
9.216482639312744141e-01
9.216047525405883789e-01
9.215953350067138672e-01
9.215800762176513672e-01
9.215730428695678711e-01
9.376349449157714844e-01
9.216312170028686523e-01
9.225474596023559570e-01
9.216995239257812500e-01
9.218139648437500000e-01
9.216458797454833984e-01
9.216490983963012695e-01
9.216052293777465820e-01
9.215958118438720703e-01
9.215804338455200195e-01
9.215732812881469727e-01
9.215664863586425781e-01
9.226776361465454102e-01
9.209996461868286133e-01
9.217840433120727539e-01
9.214551448822021484e-01
9.215941429138183594e-01
9.215339422225952148e-01
9.215583801269531250e-01
9.668053388595581055e-01
9.041509628295898438e-01
9.301674365997314453e-01
9.185864925384521484e-01
9.231914281845092773e-01
9.210788011550903320e-01
9.218839406967163086e-01
9.214910268783569336e-01
9.540890455245971680e-01
9.145345687866210938e-01
9.241384267807006836e-01
9.193711280822753906e-01
9.228041172027587891e-01
9.195530414581298828e-01
9.207215309143066406e-01
9.201411008834838867e-01
9.203361272811889648e-01
9.202268123626708984e-01
9.202589988708496094e-01
9.311821460723876953e-01
9.151264429092407227e-01
9.224306344985961914e-01
9.353425502777099609e-01
9.207422733306884766e-01
9.210644960403442383e-01
9.204665422439575195e-01
9.204747676849365234e-01
9.364045858383178711e-01
9.204121828079223633e-01
9.212939739227294922e-01
9.204369783401489258e-01
9.205381870269775391e-01
9.427118301391601562e-01
9.108844995498657227e-01
9.368337392807006836e-01
9.087357521057128906e-01
9.117358922958374023e-01
9.092798233032226562e-01
9.631319046020507812e-01
9.450533390045166016e-01
9.037613868713378906e-01
9.588713645935058594e-01
9.643334150314331055e-01
9.290817975997924805e-01
9.754025936126708984e-01
9.310646057128906250e-01
9.751399755477905273e-01
9.022156000137329102e-01
9.145381450653076172e-01
9.090299606323242188e-01
9.637389183044433594e-01
9.547326564788818359e-01
9.101499319076538086e-01
9.264482259750366211e-01
9.182065725326538086e-01
9.217915534973144531e-01
9.203020334243774414e-01
9.386821985244750977e-01
9.726303815841674805e-01
1.019317507743835449e+00
9.674260616302490234e-01
9.453552961349487305e-01
9.450528621673583984e-01
1.084733605384826660e+00
9.759198427200317383e-01
9.402552843093872070e-01
1.057389497756958008e+00
9.644560813903808594e-01
9.879925251007080078e-01
9.420157670974731445e-01
9.521046876907348633e-01
9.319154024124145508e-01
9.408013820648193359e-01
9.367754459381103516e-01
9.862406253814697266e-01
9.204372167587280273e-01
9.468339681625366211e-01
9.824500083923339844e-01
9.166564941406250000e-01
1.020273566246032715e+00
9.628802537918090820e-01
9.239647388458251953e-01
9.320864677429199219e-01
9.304137229919433594e-01
9.687879085540771484e-01
9.108554124832153320e-01
9.838608503341674805e-01
9.263896942138671875e-01
9.556951522827148438e-01
9.267777204513549805e-01
9.968543052673339844e-01
9.673575162887573242e-01
9.230047464370727539e-01
9.435435533523559570e-01
9.299637079238891602e-01
9.762043952941894531e-01
9.280911684036254883e-01
9.284580945968627930e-01
9.376831054687500000e-01
9.372748136520385742e-01
9.370337724685668945e-01
9.315688610076904297e-01
1.009881377220153809e+00
1.003544211387634277e+00
9.263776540756225586e-01
9.914894104003906250e-01
9.788717031478881836e-01
9.347635507583618164e-01
9.984052181243896484e-01
9.148615598678588867e-01
9.815741777420043945e-01
9.269323348999023438e-01
9.912214279174804688e-01
9.650831222534179688e-01
9.260191917419433594e-01
9.441869258880615234e-01
9.360738992691040039e-01
9.403818845748901367e-01
9.239280223846435547e-01
9.235664606094360352e-01
9.225054979324340820e-01
9.222919940948486328e-01
9.220154285430908203e-01
9.380023479461669922e-01
9.381597042083740234e-01
9.391583204269409180e-01
9.393185377120971680e-01
9.395906925201416016e-01
9.231441020965576172e-01
9.233369827270507812e-01
9.222708940505981445e-01
9.221909046173095703e-01
9.219263792037963867e-01
9.218521118164062500e-01
9.217594861984252930e-01
9.217128753662109375e-01
9.216711521148681641e-01
9.216442108154296875e-01
9.216227531433105469e-01
9.376766681671142578e-01
9.216630458831787109e-01
9.387823343276977539e-01
9.217344522476196289e-01
9.228577613830566406e-01
9.217982292175292969e-01
9.219309091567993164e-01
9.217097759246826172e-01
9.217050075531005859e-01
9.216436147689819336e-01
9.216264486312866211e-01
9.216035604476928711e-01
9.215915203094482422e-01
9.215792417526245117e-01
9.215722084045410156e-01
9.215668439865112305e-01
9.215626716613769531e-01
9.215594530105590820e-01
9.215573072433471680e-01
9.215553998947143555e-01
9.215542078018188477e-01
9.215527772903442383e-01
9.215520620346069336e-01
9.215511083602905273e-01
9.215505123138427734e-01
9.215499162673950195e-01
9.215495586395263672e-01
9.215494394302368164e-01
9.215490818023681641e-01
9.215488433837890625e-01
9.215486049652099609e-01
9.376155138015747070e-01
9.216188192367553711e-01
9.225363731384277344e-01
9.216915369033813477e-01
9.218074083328247070e-01
9.216407537460327148e-01
9.216450452804565430e-01
9.216020107269287109e-01
9.215929508209228516e-01
9.215782880783081055e-01
9.215716123580932617e-01
9.215651750564575195e-01
9.215611219406127930e-01
9.215580224990844727e-01
9.215556383132934570e-01
9.215539693832397461e-01
9.595377445220947266e-01
9.121698141098022461e-01
9.266468286514282227e-01
9.200662374496459961e-01
9.225142002105712891e-01
9.213186502456665039e-01
9.217448234558105469e-01
9.215219020843505859e-01
9.215934276580810547e-01
9.215502738952636719e-01
9.376329183578491211e-01
9.216208457946777344e-01
9.225424528121948242e-01
9.216941595077514648e-01
9.218103885650634766e-01
9.216428995132446289e-01
9.216468334197998047e-01
9.216035604476928711e-01
9.215945005416870117e-01
9.215794801712036133e-01
9.215726852416992188e-01
9.215662479400634766e-01
9.215621948242187500e-01
9.215588569641113281e-01
9.215564727783203125e-01
9.215548038482666016e-01
9.215533733367919922e-01
9.215523004531860352e-01
9.215514659881591797e-01
9.215508699417114258e-01
9.215503931045532227e-01
9.215499162673950195e-01
9.215495586395263672e-01
9.215492010116577148e-01
9.215489625930786133e-01
9.215488433837890625e-01
9.215487241744995117e-01
9.743520021438598633e-01
9.536674022674560547e-01
9.537601470947265625e-01
9.128731489181518555e-01
9.359930753707885742e-01
9.379481077194213867e-01
9.151507616043090820e-01
9.102602005004882812e-01
9.116141796112060547e-01
9.105333089828491211e-01
9.107472896575927734e-01
9.160826206207275391e-01
9.641678333282470703e-01
9.111697673797607422e-01
9.817539453506469727e-01
9.015223979949951172e-01
9.331114292144775391e-01
9.192960262298583984e-01
9.641873836517333984e-01
9.130988121032714844e-01
9.283046722412109375e-01
9.211437702178955078e-01
9.237483739852905273e-01
9.224350452423095703e-01
9.290182590484619141e-01
1.054613828659057617e+00
1.034677624702453613e+00
8.988521099090576172e-01
9.497796297073364258e-01
9.278160333633422852e-01
9.363840818405151367e-01
9.324268102645874023e-01
9.339773654937744141e-01
9.321228265762329102e-01
9.336218833923339844e-01
9.332649707794189453e-01
9.334731101989746094e-01
9.333131313323974609e-01
9.215201139450073242e-01
9.343008995056152344e-01
9.319542646408081055e-01
9.335292577743530273e-01
9.331314563751220703e-01
9.334440231323242188e-01
9.374871253967285156e-01
9.387954473495483398e-01
9.219503402709960938e-01
9.222753047943115234e-01
9.210494756698608398e-01
9.210182428359985352e-01
9.208424091339111328e-01
9.207621812820434570e-01
9.206856489181518555e-01
9.206435680389404297e-01
9.205012321472167969e-01
9.206022024154663086e-01
9.731781482696533203e-01
9.435704946517944336e-01
9.453389644622802734e-01
9.646791219711303711e-01
1.070624828338623047e+00
9.577118158340454102e-01
9.186272621154785156e-01
9.255185127258300781e-01
9.196155071258544922e-01
9.712363481521606445e-01
9.138982295989990234e-01
9.379957914352416992e-01
9.285988807678222656e-01
9.325184822082519531e-01
9.193984270095825195e-01
9.322489500045776367e-01
9.768399000167846680e-01
9.143549203872680664e-01
9.440568685531616211e-01
9.831851720809936523e-01
9.734244346618652344e-01
9.165536165237426758e-01
9.389712810516357422e-01
9.286814928054809570e-01
9.266587495803833008e-01
9.319124221801757812e-01
9.778463840484619141e-01
9.086141586303710938e-01
9.752117395401000977e-01
9.199262857437133789e-01
9.855693578720092773e-01
9.068095684051513672e-01
9.363800287246704102e-01
9.287816286087036133e-01
9.268361330032348633e-01
9.322370290756225586e-01
9.309358596801757812e-01
9.315924644470214844e-01
9.199336767196655273e-01
9.209554195404052734e-01
9.307030439376831055e-01
9.300041198730468750e-01
9.782482385635375977e-01
9.138025045394897461e-01
9.337694644927978516e-01
9.236766099929809570e-01
9.333461523056030273e-01
9.303513765335083008e-01
9.258446693420410156e-01
9.780744314193725586e-01
9.117968082427978516e-01
9.291254281997680664e-01
9.229825735092163086e-01
9.803028106689453125e-01
9.426063299179077148e-01
9.212254285812377930e-01
9.301445484161376953e-01
9.190171957015991211e-01
9.761897325515747070e-01
9.032310247421264648e-01
9.310015439987182617e-01
9.184645414352416992e-01
9.233403205871582031e-01
9.210608005523681641e-01
9.219142198562622070e-01
9.214920997619628906e-01
9.408472776412963867e-01
9.067976474761962891e-01
9.122931957244873047e-01
9.619543552398681641e-01
9.552012681961059570e-01
9.173647165298461914e-01
9.268562793731689453e-01
9.271228313446044922e-01
1.008810758590698242e+00
9.036554098129272461e-01
9.417945146560668945e-01
9.765436649322509766e-01
9.121131896972656250e-01
9.367153644561767578e-01
9.253284931182861328e-01
9.186602830886840820e-01
9.232480525970458984e-01
9.218956232070922852e-01
9.227145910263061523e-01
9.225190877914428711e-01
9.226990938186645508e-01
9.226878881454467773e-01
9.755479097366333008e-01
9.036343097686767578e-01
9.319505691528320312e-01
9.195755720138549805e-01
9.245027303695678711e-01
9.222607612609863281e-01
9.546048641204833984e-01
9.175727367401123047e-01
9.793101549148559570e-01
9.279584884643554688e-01
9.728080034255981445e-01
8.956249952316284180e-01
9.229010343551635742e-01
9.098315238952636719e-01
9.675964117050170898e-01
8.952314853668212891e-01
9.855480194091796875e-01
9.490929841995239258e-01
9.672147035598754883e-01
9.088472127914428711e-01
9.298495054244995117e-01
9.731004238128662109e-01
9.361016750335693359e-01
9.236911535263061523e-01
9.171836376190185547e-01
9.962073564529418945e-01
9.905232191085815430e-01
9.045336246490478516e-01
9.883930683135986328e-01
9.415878057479858398e-01
9.434829950332641602e-01
9.873663187026977539e-01
9.184389114379882812e-01
1.002007842063903809e+00
1.176717996597290039e+00
1.054903507232666016e+00
1.116520285606384277e+00
1.181461215019226074e+00
1.058255195617675781e+00
1.033702850341796875e+00
1.040620565414428711e+00
9.895683526992797852e-01
9.107577800750732422e-01
9.290474653244018555e-01
9.673899412155151367e-01
8.994001150131225586e-01
9.255182743072509766e-01
9.327696561813354492e-01
9.089542627334594727e-01
9.705829620361328125e-01
9.222354888916015625e-01
1.046125888824462891e+00
1.220671772956848145e+00
9.271857738494873047e-01
9.438651800155639648e-01
9.189108610153198242e-01
9.688655138015747070e-01
9.057427644729614258e-01
9.219784736633300781e-01
9.285796880722045898e-01
9.248818159103393555e-01
9.312208890914916992e-01
9.149736166000366211e-01
9.168032407760620117e-01
9.297382831573486328e-01
9.139961004257202148e-01
9.319143295288085938e-01
9.306292533874511719e-01
9.320727586746215820e-01
9.159438610076904297e-01
9.159538745880126953e-01
9.151428937911987305e-01
9.151936769485473633e-01
9.148402214050292969e-01
9.301313161849975586e-01
9.149427413940429688e-01
9.153738021850585938e-01
9.146562814712524414e-01
9.146882295608520508e-01
9.301431179046630859e-01
9.148026704788208008e-01
9.155313968658447266e-01
9.148744344711303711e-01
9.150183200836181641e-01
9.181553125381469727e-01
9.181344509124755859e-01
9.189815521240234375e-01
9.189639091491699219e-01
9.189453125000000000e-01
9.189345836639404297e-01
9.189256429672241211e-01
9.189190864562988281e-01
9.189139604568481445e-01
9.189101457595825195e-01
9.189072847366333008e-01
9.189050197601318359e-01
9.345811605453491211e-01
9.190976619720458984e-01
9.198067188262939453e-01
9.348123073577880859e-01
9.352400302886962891e-01
9.360620975494384766e-01
9.392610788345336914e-01
9.229905605316162109e-01
9.395518302917480469e-01
9.221274852752685547e-01
9.231820106506347656e-01
9.219965934753417969e-01
9.220824241638183594e-01
9.218132495880126953e-01
9.217821359634399414e-01
9.216990470886230469e-01
9.216678142547607422e-01
9.216341972351074219e-01
9.216147661209106445e-01
9.215984344482421875e-01
9.215872287750244141e-01
9.215784072875976562e-01
9.215719699859619141e-01
9.215669631958007812e-01
9.215631484985351562e-01
9.376258850097656250e-01
9.216278791427612305e-01
9.225437641143798828e-01
9.216974973678588867e-01
9.218125343322753906e-01
9.216449260711669922e-01
9.216485023498535156e-01
9.216048717498779297e-01
9.215954542160034180e-01
9.215801954269409180e-01
9.215732812881469727e-01
9.215666055679321289e-01
9.215623140335083008e-01
9.215589761734008789e-01
9.215564727783203125e-01
9.215545654296875000e-01
9.215532541275024414e-01
9.215520620346069336e-01
9.215513467788696289e-01
9.215506315231323242e-01
9.215500354766845703e-01
9.215496778488159180e-01
9.215494394302368164e-01
9.215490818023681641e-01
9.215488433837890625e-01
9.215974807739257812e-01
9.743243455886840820e-01
9.293259382247924805e-01
9.143517017364501953e-01
9.107021093368530273e-01
9.104511737823486328e-01
9.096029996871948242e-01
9.094938039779663086e-01
9.093053340911865234e-01
9.092638492584228516e-01
9.092204570770263672e-01
9.092091321945190430e-01
9.092011451721191406e-01
9.092006683349609375e-01
9.248683452606201172e-01
9.253104925155639648e-01
9.263114929199218750e-01
9.104855060577392578e-01
9.265847206115722656e-01
9.258826971054077148e-01
9.107903242111206055e-01
9.106888771057128906e-01
9.098676443099975586e-01
9.097409248352050781e-01
9.095363616943359375e-01
9.094637632369995117e-01
9.093910455703735352e-01
9.093515872955322266e-01
9.093196392059326172e-01
9.092988967895507812e-01
9.092831611633300781e-01
9.092719554901123047e-01
9.092637300491333008e-01
9.092575311660766602e-01
9.092528820037841797e-01
9.613002538681030273e-01
9.094264507293701172e-01
9.429717063903808594e-01
9.194533824920654297e-01
9.234492778778076172e-01
9.212834835052490234e-01
9.219571352005004883e-01
9.215537309646606445e-01
9.216563701629638672e-01
9.215676784515380859e-01
9.215728044509887695e-01
9.215463399887084961e-01
9.215382337570190430e-01
9.215261936187744141e-01
9.215186834335327148e-01
9.743373394012451172e-01
9.544203281402587891e-01
9.131247997283935547e-01
9.273405075073242188e-01
9.202963113784790039e-01
9.227137565612792969e-01
9.214063882827758789e-01
9.218118190765380859e-01
9.215602874755859375e-01
9.216226339340209961e-01
9.376409053802490234e-01
9.379239082336425781e-01
9.389579296112060547e-01
9.226911067962646484e-01
9.230353832244873047e-01
9.220532178878784180e-01
9.220296144485473633e-01
9.218050241470336914e-01
9.217590093612670898e-01
9.216868877410888672e-01
9.216555356979370117e-01
9.744430780410766602e-01
9.036135673522949219e-01
9.306864738464355469e-01
9.710135459899902344e-01
9.053770303726196289e-01
9.301196336746215820e-01
9.188615083694458008e-01
9.231915473937988281e-01
9.211387634277343750e-01
9.218930006027221680e-01
9.215103387832641602e-01
9.216368198394775391e-01
9.215621948242187500e-01
9.215807914733886719e-01
9.215643405914306641e-01
9.215654134750366211e-01
9.215607643127441406e-01
9.215596914291381836e-01
9.215576648712158203e-01
9.215564727783203125e-01
9.215552806854248047e-01
9.215544462203979492e-01
9.215534925460815430e-01
9.215528964996337891e-01
9.215521812438964844e-01
9.215517044067382812e-01
9.215513467788696289e-01
9.215508699417114258e-01
9.215505123138427734e-01
9.215501546859741211e-01
9.215496778488159180e-01
9.215496778488159180e-01
9.215493202209472656e-01
9.215492010116577148e-01
9.215489625930786133e-01
9.215489625930786133e-01
9.215488433837890625e-01
9.215486049652099609e-01
9.215486049652099609e-01
9.215484857559204102e-01
9.215484857559204102e-01
9.215483665466308594e-01
9.215482473373413086e-01
9.215482473373413086e-01
9.376153945922851562e-01
9.216184616088867188e-01
9.225362539291381836e-01
9.216911792755126953e-01
9.218074083328247070e-01
9.216407537460327148e-01
9.216448068618774414e-01
9.596580266952514648e-01
9.117643833160400391e-01
9.268044233322143555e-01
9.200114011764526367e-01
9.225517511367797852e-01
9.213154315948486328e-01
9.217568635940551758e-01
9.215257167816162109e-01
9.215991497039794922e-01
9.215539693832397461e-01
9.215646982192993164e-01
9.215548038482666016e-01
9.215556383132934570e-01
9.215530157089233398e-01
9.215524196624755859e-01
9.215515851974487305e-01
9.215509891510009766e-01
9.215506315231323242e-01
9.215501546859741211e-01
9.215500354766845703e-01
9.215496778488159180e-01
9.215495586395263672e-01
9.215493202209472656e-01
9.215492010116577148e-01
9.215492010116577148e-01
9.484729766845703125e-01
9.113656282424926758e-01
9.268720149993896484e-01
9.198826551437377930e-01
9.225927591323852539e-01
9.213056564331054688e-01
9.217722415924072266e-01
9.215288162231445312e-01
9.216048717498779297e-01
9.215562343597412109e-01
9.215666055679321289e-01
9.215555191040039062e-01
9.215558767318725586e-01
9.215527772903442383e-01
9.215520620346069336e-01
9.215509891510009766e-01
9.215503931045532227e-01
9.215497970581054688e-01
9.215494394302368164e-01
9.215492010116577148e-01
9.215489625930786133e-01
9.215487241744995117e-01
9.728627204895019531e-01
9.524389505386352539e-01
9.144848585128784180e-01
9.267867803573608398e-01
9.205608367919921875e-01
9.226362705230712891e-01
9.214663505554199219e-01
9.218059778213500977e-01
9.215759038925170898e-01
9.216244220733642578e-01
9.215749502182006836e-01
9.215784072875976562e-01
9.215661287307739258e-01
9.376327991485595703e-01
9.216301441192626953e-01
9.225466251373291016e-01
9.216995239257812500e-01
9.218145608901977539e-01
9.216467142105102539e-01
9.216501712799072266e-01
9.216064214706420898e-01
9.215968847274780273e-01
9.215816259384155273e-01
9.215745925903320312e-01
9.215677976608276367e-01
9.215633869171142578e-01
9.327530860900878906e-01
9.103060960769653320e-01
9.110945463180541992e-01
9.629608392715454102e-01
8.933333158493041992e-01
9.588744640350341797e-01
9.428452253341674805e-01
9.421488046646118164e-01
9.203001260757446289e-01
9.690458774566650391e-01
8.984028100967407227e-01
9.478192329406738281e-01
9.738322496414184570e-01
9.711292982101440430e-01
9.032089710235595703e-01
9.293029308319091797e-01
9.175298213958740234e-01
9.221791028976440430e-01
9.201037883758544922e-01
9.209514856338500977e-01
9.205940961837768555e-01
9.207572937011718750e-01
9.252268075942993164e-01
9.329047203063964844e-01
9.029103517532348633e-01
9.135586023330688477e-01
9.082286357879638672e-01
9.100608825683593750e-01
9.091204404830932617e-01
9.448262453079223633e-01
1.019858956336975098e+00
9.259957075119018555e-01
1.003985643386840820e+00
9.584121704101562500e-01
9.377150535583496094e-01
1.000516057014465332e+00
9.741621017456054688e-01
9.561166763305664062e-01
9.226181507110595703e-01
9.923504590988159180e-01
9.127585887908935547e-01
9.437990188598632812e-01
9.298712015151977539e-01
9.354120492935180664e-01
9.328762292861938477e-01
9.338740110397338867e-01
9.334126710891723633e-01
9.335950613021850586e-01
9.873296022415161133e-01
9.152388572692871094e-01
9.430843591690063477e-01
9.304926395416259766e-01
9.354506731033325195e-01
9.331343173980712891e-01
9.748442173004150391e-01
9.778656959533691406e-01
9.457298517227172852e-01
9.329682588577270508e-01
9.911210536956787109e-01
9.173103570938110352e-01
9.442685842514038086e-01
9.316080808639526367e-01
9.363777637481689453e-01
9.222257137298583984e-01
9.239523410797119141e-01
9.220685958862304688e-01
9.222803115844726562e-01
9.334963560104370117e-01
9.326082468032836914e-01
9.339593648910522461e-01
9.870682954788208008e-01
9.135797023773193359e-01
9.443672895431518555e-01
9.306348562240600586e-01
9.900653362274169922e-01
9.449734687805175781e-01
9.856057167053222656e-01
9.696975946426391602e-01
9.430230855941772461e-01
9.671298265457153320e-01
9.763878583908081055e-01
9.208005666732788086e-01
9.202998876571655273e-01
9.200116395950317383e-01
9.195767641067504883e-01
9.195485115051269531e-01
9.194817543029785156e-01
9.194858074188232422e-01
9.194831848144531250e-01
9.194922447204589844e-01
9.320577383041381836e-01
9.236479997634887695e-01
9.045100212097167969e-01
9.117465019226074219e-01
9.082639217376708984e-01
9.095448255538940430e-01
9.617145061492919922e-01
8.925154209136962891e-01
9.185853004455566406e-01
9.330265522003173828e-01
9.799653291702270508e-01
8.986383676528930664e-01
9.277687072753906250e-01
9.698146581649780273e-01
8.939877748489379883e-01
9.239561557769775391e-01
9.110580682754516602e-01
9.163222312927246094e-01
9.140806198120117188e-01
9.150121212005615234e-01
9.304745197296142578e-01
9.149664640426635742e-01
9.157058000564575195e-01
9.149494171142578125e-01
9.150353670120239258e-01
9.149010181427001953e-01
9.671602249145507812e-01
8.949422836303710938e-01
9.245331287384033203e-01
9.114915132522583008e-01
9.166377782821655273e-01
9.143043756484985352e-01
9.151867628097534180e-01
9.147607088088989258e-01
9.675104618072509766e-01
8.982436656951904297e-01
9.237729310989379883e-01
9.123122692108154297e-01
9.167275428771972656e-01
9.146776199340820312e-01
9.154356718063354492e-01
9.150620698928833008e-01
9.151880741119384766e-01
9.151171445846557617e-01
9.151358604431152344e-01
9.151209592819213867e-01
9.151225090026855469e-01
9.151184558868408203e-01
9.151175022125244141e-01
9.151159524917602539e-01
9.418452978134155273e-01
9.742366075515747070e-01
8.981758356094360352e-01
9.247070550918579102e-01
9.118692874908447266e-01
9.272233247756958008e-01
9.726142883300781250e-01
9.066529273986816406e-01
9.860218763351440430e-01
9.137252569198608398e-01
9.808375835418701172e-01
9.574254751205444336e-01
9.199864864349365234e-01
9.255224466323852539e-01
9.241324663162231445e-01
9.250091314315795898e-01
9.245690107345581055e-01
9.247286319732666016e-01
9.246551990509033203e-01
9.246912002563476562e-01
9.246852397918701172e-01
9.246982336044311523e-01
9.777562618255615234e-01
9.356715679168701172e-01
9.709007740020751953e-01
9.096337556838989258e-01
9.710133075714111328e-01
9.518589973449707031e-01
9.231988191604614258e-01
9.275265932083129883e-01
9.349052906036376953e-01
9.840903282165527344e-01
9.364916086196899414e-01
1.024917483329772949e+00
1.003461122512817383e+00
9.342828989028930664e-01
1.000138640403747559e+00
1.031623959541320801e+00
9.349312782287597656e-01
9.427958726882934570e-01
9.373110532760620117e-01
9.385226964950561523e-01
9.375534057617187500e-01
9.377629756927490234e-01
9.375767707824707031e-01
9.376143217086791992e-01
9.375808238983154297e-01
9.375919103622436523e-01
9.375921487808227539e-01
9.376013278961181641e-01
9.376093149185180664e-01
9.376168251037597656e-01
9.376232624053955078e-01
9.376294612884521484e-01
9.228198528289794922e-01
9.387111663818359375e-01
9.357198476791381836e-01
9.229165315628051758e-01
9.383383989334106445e-01
9.354881048202514648e-01
9.373661279678344727e-01
9.369461536407470703e-01
9.373297691345214844e-01
9.372839927673339844e-01
9.373762607574462891e-01
9.373831748962402344e-01
9.374104738235473633e-01
9.374188184738159180e-01
9.374278783798217773e-01
9.374320507049560547e-01
9.374363422393798828e-01
9.374396800994873047e-01
9.374425411224365234e-01
9.374444484710693359e-01
9.228252172470092773e-01
9.385040998458862305e-01
9.355515241622924805e-01
9.229104518890380859e-01
9.380564689636230469e-01
9.845132827758789062e-01
9.184887409210205078e-01
9.464410543441772461e-01
9.524562358856201172e-01
9.827929735183715820e-01
9.164682626724243164e-01
9.241054058074951172e-01
9.138764142990112305e-01
9.170722961425781250e-01
9.154841899871826172e-01
9.712822437286376953e-01
8.998084068298339844e-01
9.271928071975708008e-01
9.150578975677490234e-01
9.198478460311889648e-01
9.176793098449707031e-01
9.420160055160522461e-01
9.146316051483154297e-01
9.075322151184082031e-01
9.102660417556762695e-01
9.608355760574340820e-01
9.612559080123901367e-01
9.089475870132446289e-01
9.399205446243286133e-01
9.109011888504028320e-01
9.130034446716308594e-01
9.106377363204956055e-01
9.108591079711914062e-01
9.104008674621582031e-01
9.756959676742553711e-01
9.019999504089355469e-01
9.302570819854736328e-01
9.180063009262084961e-01
9.409530162811279297e-01
9.072128534317016602e-01
9.122120141983032227e-01
9.089648723602294922e-01
9.097309112548828125e-01
9.091503620147705078e-01
9.092688560485839844e-01
9.392404556274414062e-01
9.803358316421508789e-01
9.058629274368286133e-01
9.626035690307617188e-01
9.512599706649780273e-01
1.033075690269470215e+00
9.649041891098022461e-01
9.849802255630493164e-01
9.853339195251464844e-01
1.027441620826721191e+00
1.018647193908691406e+00
9.218014478683471680e-01
9.340115785598754883e-01
9.254375696182250977e-01
9.267886877059936523e-01
9.251682758331298828e-01
9.230847358703613281e-01
9.800158739089965820e-01
9.220122098922729492e-01
9.927421808242797852e-01
9.155313968658447266e-01
9.481085538864135742e-01
9.314318895339965820e-01
9.399950504302978516e-01
9.343165159225463867e-01
9.384670257568359375e-01
9.224344491958618164e-01
9.642921686172485352e-01
9.238889217376708984e-01
9.426689147949218750e-01
9.349629878997802734e-01
9.383853673934936523e-01
9.369839429855346680e-01
9.515304565429687500e-01
9.380719661712646484e-01
9.825006723403930664e-01
9.145628213882446289e-01
9.707956314086914062e-01
9.775280952453613281e-01
9.176422357559204102e-01
9.390690326690673828e-01
9.064352512359619141e-01
9.302860498428344727e-01
9.240463972091674805e-01
9.130851030349731445e-01
9.130547046661376953e-01
9.261474609375000000e-01
9.756513833999633789e-01
9.092012643814086914e-01
9.329975843429565430e-01
1.000261425971984863e+00
9.955474138259887695e-01
9.874813556671142578e-01
9.426872730255126953e-01
9.387977123260498047e-01
9.353086948394775391e-01
9.060876369476318359e-01
9.280827045440673828e-01
9.224965572357177734e-01
9.238884449005126953e-01
9.229649305343627930e-01
9.235056638717651367e-01
9.102038145065307617e-01
9.243053197860717773e-01
9.218641519546508789e-01
9.907079935073852539e-01
9.136998653411865234e-01
9.446895122528076172e-01
9.312767982482910156e-01
9.369058609008789062e-01
9.344906806945800781e-01
9.355269670486450195e-01
9.350951910018920898e-01
9.352880716323852539e-01
9.217613935470581055e-01
9.362092018127441406e-01
9.873471260070800781e-01
9.688380956649780273e-01
9.795280694961547852e-01
9.645820856094360352e-01
9.733718633651733398e-01
1.014047741889953613e+00
1.032517671585083008e+00
9.687454700469970703e-01
9.662556648254394531e-01
1.065913319587707520e+00
9.298059940338134766e-01
9.369705915451049805e-01
9.262088537216186523e-01
9.277656078338623047e-01
9.108090400695800781e-01
9.268680810928344727e-01
9.788863658905029297e-01
9.219834804534912109e-01
9.658360481262207031e-01
9.264401197433471680e-01
9.533706903457641602e-01
1.116290926933288574e+00
9.664628505706787109e-01
1.037031531333923340e+00
1.015741586685180664e+00
1.089766144752502441e+00
9.772793054580688477e-01
9.877188205718994141e-01
1.073559880256652832e+00
1.042792916297912598e+00
9.880951642990112305e-01
9.618381261825561523e-01
1.092080712318420410e+00
9.758496284484863281e-01
9.855896234512329102e-01
1.010133385658264160e+00
1.032528281211853027e+00
9.688059091567993164e-01
9.548439979553222656e-01
9.800723791122436523e-01
1.116107463836669922e+00
9.316560029983520508e-01
9.375776052474975586e-01
1.138807058334350586e+00
1.242281436920166016e+00
1.015847921371459961e+00
9.339878559112548828e-01
9.388406276702880859e-01
9.286994934082031250e-01
9.284380674362182617e-01
9.263256788253784180e-01
9.177442789077758789e-01
1.014565110206604004e+00
9.622312784194946289e-01
1.050281882286071777e+00
9.824706315994262695e-01
1.009224772453308105e+00
9.904255867004394531e-01
9.238359928131103516e-01
9.288458824157714844e-01
9.256417751312255859e-01
9.259481430053710938e-01
9.251772165298461914e-01
9.102346897125244141e-01
9.258514642715454102e-01
9.231406450271606445e-01
9.249720573425292969e-01
9.809280633926391602e-01
9.592336416244506836e-01
9.262988567352294922e-01
9.858698844909667969e-01
1.189593195915222168e+00
1.045943975448608398e+00
1.242034792900085449e+00
1.050971150398254395e+00
9.589840173721313477e-01
1.027259707450866699e+00
9.428027868270874023e-01
9.672037363052368164e-01
1.075228810310363770e+00
1.006962060928344727e+00
9.383838176727294922e-01
9.911739826202392578e-01
9.916599988937377930e-01
1.102104187011718750e+00
1.004899740219116211e+00
9.888792037963867188e-01
8.963963985443115234e-01
9.375026226043701172e-01
9.136689901351928711e-01
9.491831064224243164e-01
9.631634950637817383e-01
9.541845321655273438e-01
9.148001670837402344e-01
9.748766422271728516e-01
9.797282218933105469e-01
9.156001806259155273e-01
